100 1.361099
600 0.874992
1100 0.954537
1600 0.923603
2100 0.962954
2600 0.942299
3100 0.950260
3600 0.969513
4100 0.988812
4600 0.984895
5100 0.977932
5600 0.975686
6100 0.986558
6600 0.976633
7100 0.976322
7600 0.986285
8100 0.986617
8600 0.989171
9100 0.989307
9600 0.989430
10100 0.988578
10600 0.981385
11100 0.980972
11600 0.978080
12100 0.970607
12600 0.962954
13100 0.970729
13600 0.960061
14100 0.952218
14600 0.947575
15100 0.952898
15600 0.956633
16100 0.957117
16600 0.954643
17100 0.958568
17600 0.957299
18100 0.955025
18600 0.958101
19100 0.958470
19600 0.956341
20100 0.953350
20600 0.954280
21100 0.948715
21600 0.954660
22100 0.952417
22600 0.951565
23100 0.949066
23600 0.949968
24100 0.953253
24600 0.957591
25100 0.959044
25600 0.959681
26100 0.956569
26600 0.960152
27100 0.960016
27600 0.964464
28100 0.962526
28600 0.959976
29100 0.961523
29600 0.958419
30100 0.956710
30600 0.956963
31100 0.956896
31600 0.956215
32100 0.957070
32600 0.956408
33100 0.954884
33600 0.955721
34100 0.953967
34600 0.951702
35100 0.951717
35600 0.952551
36100 0.950669
36600 0.950963
37100 0.950463
37600 0.951528
38100 0.953586
38600 0.955087
39100 0.955306
39600 0.955765
40100 0.955485
40600 0.954493
41100 0.954946
41600 0.956555
42100 0.957896
42600 0.955782
43100 0.955296
43600 0.952368
44100 0.951491
44600 0.951723
45100 0.951950
45600 0.951320
46100 0.951546
46600 0.952185
47100 0.951779
47600 0.953423
48100 0.955235
48600 0.954810
49100 0.957363
49600 0.957317
50100 0.956883
50600 0.958188
51100 0.958705
51600 0.956387
52100 0.956166
52600 0.953361
53100 0.952806
53600 0.951717
54100 0.952985
54600 0.951559
55100 0.951922
55600 0.951231
56100 0.950378
56600 0.950227
57100 0.949058
57600 0.950946
58100 0.950795
58600 0.950978
59100 0.951980
59600 0.952313
60100 0.952316
60600 0.952320
61100 0.950733
61600 0.951065
62100 0.951235
62600 0.950315
63100 0.949410
63600 0.951271
64100 0.952496
64600 0.951896
65100 0.951007
65600 0.951169
66100 0.950740
66600 0.950171
67100 0.949900
67600 0.950209
68100 0.950371
68600 0.950105
69100 0.950406
69600 0.951680
70100 0.951271
70600 0.951144
71100 0.951839
71600 0.952525
72100 0.953740
72600 0.955207
73100 0.955456
73600 0.956098
74100 0.957519
74600 0.956705
75100 0.958103
75600 0.957682
76100 0.958416
76600 0.958760
77100 0.959099
77600 0.958432
78100 0.957027
78600 0.958236
79100 0.956973
79600 0.957679
80100 0.957649
80600 0.957015
81100 0.957349
81600 0.958035
82100 0.958477
82600 0.959502
83100 0.960163
83600 0.959072
84100 0.959960
84600 0.960147
85100 0.959647
85600 0.958925
86100 0.958438
86600 0.959079
87100 0.959266
87600 0.959672
88100 0.957978
88600 0.958497
89100 0.958029
89600 0.958108
90100 0.958186
90600 0.958156
91100 0.957806
91600 0.957248
92100 0.957013
92600 0.956465
93100 0.956132
93600 0.956633
94100 0.957129
94600 0.957209
95100 0.956368
95600 0.957163
96100 0.956634
96600 0.957016
97100 0.956995
97600 0.956873
98100 0.956456
98600 0.956733
99100 0.957106
99600 0.956108