100 1.013050
600 0.907524
1100 0.912731
1600 0.929382
2100 0.931213
2600 0.936514
3100 0.925516
3600 0.925614
4100 0.937600
4600 0.943835
5100 0.950621
5600 0.951995
6100 0.951958
6600 0.948638
7100 0.949861
7600 0.949972
8100 0.948282
8600 0.948893
9100 0.949436
9600 0.948980
10100 0.950540
10600 0.949051
11100 0.948512
11600 0.947395
12100 0.948762
12600 0.948729
13100 0.949803
13600 0.949069
14100 0.946847
14600 0.945149
15100 0.947398
15600 0.947647
16100 0.946532
16600 0.947227
17100 0.947565
17600 0.948295
18100 0.946586
18600 0.946816
19100 0.948455
19600 0.949272
20100 0.948159
20600 0.948417
21100 0.947290
21600 0.948226
22100 0.947810
22600 0.949174
23100 0.949068
23600 0.948201
24100 0.948721
24600 0.949072
25100 0.949554
25600 0.951006
26100 0.951016
26600 0.951842
27100 0.950702
27600 0.950914
28100 0.951311
28600 0.950430
29100 0.950449
29600 0.949795
30100 0.949283
30600 0.948788
31100 0.948541
31600 0.948074
32100 0.948691
32600 0.949235
33100 0.949105
33600 0.948872
34100 0.949283
34600 0.948845
35100 0.948780
35600 0.949683
36100 0.949508
36600 0.948993
37100 0.949027
37600 0.948675
38100 0.949235
38600 0.949172
39100 0.948971
39600 0.948775
40100 0.948584
40600 0.948174
41100 0.947731
41600 0.947168
42100 0.946189
42600 0.947228
43100 0.947069
43600 0.946622
44100 0.947170
44600 0.946976
45100 0.947548
45600 0.948266
46100 0.947948
46600 0.948375
47100 0.948332
47600 0.948518
48100 0.948512
48600 0.948171
49100 0.948352
49600 0.947582
50100 0.947369
50600 0.947696
51100 0.947734
51600 0.947455
52100 0.947564
52600 0.946914
53100 0.946514
53600 0.946291
54100 0.945838
54600 0.946222
55100 0.946139
55600 0.946415
56100 0.946300
56600 0.946250
57100 0.945790
57600 0.946091
58100 0.945764
58600 0.945566
59100 0.944821
59600 0.944999
60100 0.944963
60600 0.945137
61100 0.945012
61600 0.945153
62100 0.945903
62600 0.946035
63100 0.945190
63600 0.945951
64100 0.945938
64600 0.945673
65100 0.945079
65600 0.944880
66100 0.944712
66600 0.944627
67100 0.944625
67600 0.944810
68100 0.945072
68600 0.945119
69100 0.944773
69600 0.944614
70100 0.944663
70600 0.945019
71100 0.945345
71600 0.945439
72100 0.944829
72600 0.944825
73100 0.944945
73600 0.945088
74100 0.945303
74600 0.945175
75100 0.944928
75600 0.944805
76100 0.945538
76600 0.945459
77100 0.945475
77600 0.945584
78100 0.945484
78600 0.945522
79100 0.945148
79600 0.945416
80100 0.945161
80600 0.944976
81100 0.944994
81600 0.945477
82100 0.946043
82600 0.946011
83100 0.945739
83600 0.945861
84100 0.946195
84600 0.946505
85100 0.946641
85600 0.946733
86100 0.946425
86600 0.946371
87100 0.946297
87600 0.945996
88100 0.945802
88600 0.945507
89100 0.945156
89600 0.944888
90100 0.944986
90600 0.945161
91100 0.944998
91600 0.944856
92100 0.944440
92600 0.944225
93100 0.944789
93600 0.944670
94100 0.944784
94600 0.944781
95100 0.944836
95600 0.945003
96100 0.944793
96600 0.944940
97100 0.945179
97600 0.945211
98100 0.945188
98600 0.945257
99100 0.945307
99600 0.945084